1:  1572899493 1775936163 522865368
2: 1210294517 1604052763 714828691
3: 1392705829 267778100 327674623
4: 1829496248 1426330601 22362823
5: 1085948421 796441768 662638032
6: 1338134117 994596880 1711503377
7: 2090822212 2024266126 396675160
8: 995382465 1247500561 1608427807
9: 609118854 1092466074 1459798533
10: 811842859 509060202 1309017297
11: 1983509332 2081959695 937469812
12: 358891053 1144770564 394038927
13: 1073719744 389992745 661817027
14: 1401394367 72005345 2088147629
15: 1423757190 1157953767 737105749
